154,35
3,2
10,160
10,166
10,72
10,262
10,88
10,234
10,76
10,170
11,18
11,11
11,15
11,22
11,8
11,12
8,12
8,14
8,8
8,11
8,6
152,3
152,2
152,1
152,0
151,3
151,2
151,1
151,0
150,3
150,2
150,1
150,0
149,5
149,4
149,3
149,2
149,1
149,0
148,3
148,2
148,1
148,0
147,3
147,2
147,1
147,0
20,3
20,2
20,1
19,2
19,1
12,3
19,3
12,2
12,1
11,25
11,24
11,20
11,14
11,13
11,9
11,7
11,6
11,4
11,3
11,2
11,1
10,304
10,294
10,285
10,273
10,272
10,269
10,226
10,176
10,151
10,135
10,133
10,127
18,1
10,100
10,34
18,3
10,15
10,3
10,2
14,1
10,1
9,7
14,3
13,1
9,6
9,4
9,3
9,2
